family_id	product_id	image_id	image_path
1	0	0	./00382903006298_PIECE_01.jpg
1	0	1	./00382903008674_PIECE_01.jpg
1	1	2	./00382903009121_PIECE_01.jpg
1	1	3	./00382903096282_PIECE_01.jpg
1	2	4	./00382903096497_PIECE_01.jpg
1	2	5	./00382903096589_PIECE_01.jpg
1	3	6	./00607915116453_PIECE_01.jpg
1	3	7	./00607915117733_PIECE_01.jpg
1	4	8	./00607915123703_PIECE_01.jpg
1	4	9	./00650862110012_PIECE_01.jpg
1	5	10	./00707387786502_PIECE_01.jpg
1	5	11	./00748426108930_PIECE_01.jpg
1	6	12	./00801741095009_PIECE_01.jpg
1	6	13	./00846159000214_PIECE_01.jpg
1	7	14	./00848106000049_PIECE_01.jpg
1	7	15	./00849554001268_PIECE_01.jpg
1	8	16	./00849554001992_PIECE_01.jpg
1	8	17	./00849554002067_PIECE_01.jpg
1	9	18	./00849554002074_PIECE_01.jpg
1	9	19	./00849554002098_PIECE_01.jpg
1	10	20	./00849554002104_PIECE_01.jpg
1	10	21	./00849554002531_PIECE_01.jpg
1	11	22	./00849554003323_PIECE_01.jpg
1	11	23	./00884389136181_SET_01.jpg
1	12	24	./00884389138161_PIECE_01.jpg
1	12	25	./00884389143806_SET_01.jpg
1	13	26	./03600040126844_PIECE_01.jpg
1	13	27	./03600040126974_PIECE_01.jpg
1	14	28	./03600040127100_PIECE_01.jpg
1	14	29	./04001895929090_BOITE_01.jpg
1	15	30	./04021447106861_BOITE_01.jpg
1	15	31	./04022495170163_PIECE_01.jpg
1	16	32	./04022495188069_PIECE_01.jpg
1	16	33	./04022495251060_PIECE_01.jpg
1	17	34	./04022495251114_PIECE_01.jpg
1	17	35	./04022495251169_PIECE_01.jpg
1	18	36	./04022495251862_PIECE_01.jpg
1	18	37	./04026704025916_PIECE_01.jpg
1	19	38	./04026704025923_PIECE_01.jpg
1	19	39	./04026704025930_PIECE_01.jpg
1	20	40	./04034393411101_PIECE_01.jpg
1	20	41	./04038653339204_PIECE_01.jpg
1	21	42	./04038653838585_BOITE_01.jpg
1	21	43	./04042809007596_PIECE_01.jpg
1	22	44	./04045439030682_PIECE_01.jpg
1	22	45	./04045439033737_BOITE_01.jpg
1	23	46	./04046719563784_BOITE_01.jpg
1	23	47	./04046719875412_BOITE_01.jpg
1	24	48	./04046963089504_PIECE_01.jpg
1	24	49	./04046963435738_PIECE_01.jpg
1	25	50	./04049539101198_PIECE_01.jpg
1	25	51	./04050147005211_PAQUET_01.jpg
1	26	52	./04054596430297_PIECE_01.jpg
1	26	53	./04054596430310_PIECE_01.jpg
1	27	54	./04250488600735_PIECE_01.jpg
1	27	55	./04250488608052_PIECE_01.jpg
1	28	56	./04546540144218_PIECE_01.jpg
1	28	57	./04710969713465_PIECE_01.jpg
1	29	58	./04710969718644_PIECE_01.jpg
1	29	59	./05060097931255_BOITE_01.jpg
1	30	60	./05060097931262_BOITE_01.jpg
1	30	61	./05060097931279_BOITE_01.jpg
1	31	62	./05060097931286_BOITE_01.jpg
1	31	63	./05060097931293_BOITE_01.jpg
1	32	64	./05060097931309_BOITE_01.jpg
1	32	65	./05060097931996_BOITE_01.jpg
1	33	66	./05060097932009_BOITE_01.jpg
1	33	67	./05060097932016_BOITE_01.jpg
1	34	68	./05060097932023_BOITE_01.jpg
1	34	69	./05060097932481_BOITE_01.jpg
1	35	70	./05605622212562_PIECE_01.jpg
1	35	71	./05605622212593_PIECE_01.jpg
1	36	72	./05605622220000_ROULEA_01.jpg
1	36	73	./05605622232355_SET_01.jpg
1	37	74	./05605622241333_PIECE_01.jpg
1	37	75	./05705243318374_PIECE_01.jpg
1	38	76	./07310791080062_BOITE_01.jpg
1	38	77	./07310791121277_BOITE_01.jpg
1	39	78	./07310791170060_BOITE_01.jpg
1	39	79	./07323190030163_PIECE_01.jpg
1	40	80	./07323190042807_PIECE_01.jpg
1	40	81	./07323190073115_BOITE_01.jpg
1	41	82	./07323190073146_BOITE_01.jpg
1	41	83	./07323190073177_BOITE_01.jpg
1	42	84	./07323190073207_BOITE_01.jpg
1	42	85	./07323190073238_BOITE_01.jpg
1	43	86	./07323190073269_BOITE_01.jpg
1	43	87	./07323190084067_BOITE_01.jpg
1	44	88	./07323190084098_BOITE_01.jpg
1	44	89	./07323190084128_BOITE_01.jpg
1	45	90	./07323190084159_BOITE_01.jpg
1	45	91	./07323190084227_BOITE_01.jpg
1	46	92	./07323190084258_BOITE_01.jpg
1	46	93	./07323190173723_PIECE_01.jpg
1	47	94	./07323190177424_PIECE_01.jpg
1	47	95	./07323190177431_PIECE_01.jpg
1	48	96	./07323190233571_BOITE_01.jpg
1	48	97	./07332430975911_PIECE_01.jpg
1	49	98	./07332430982032_PIECE_01.jpg
1	49	99	./07332551136802_PIECE_01.jpg
1	50	100	./07332551427832_PIECE_01.jpg
1	50	101	./07332551865801_PIECE_01.jpg
1	51	102	./07630035501017_PIECE_01.jpg
1	51	103	./07630035502205_PIECE_01.jpg
1	52	104	./07630035502403_PIECE_01.jpg
1	52	105	./07630035504834_PIECE_01.jpg
1	53	106	./07630035506623_PIECE_01.jpg
1	53	107	./07630035506708_PIECE_01.jpg
1	54	108	./07630035511764_PIECE_01.jpg
1	54	109	./07630035513010_PIECE_01.jpg
1	55	110	./07630035517018_ROULEA_01.jpg
1	55	111	./07630035517667_ROULEA_01.jpg
1	56	112	./07630035521299_PIECE_01.jpg
1	56	113	./07630035522180_ROULEA_01.jpg
1	57	114	./07630035526560_SET_01.jpg
1	57	115	./07630035529080_PIECE_01.jpg
1	58	116	./07630035531915_ROULEA_01.jpg
1	58	117	./07630035532035_ROULEA_01.jpg
1	59	118	./07630035532073_ROULEA_01.jpg
1	59	119	./07630035532097_ROULEA_01.jpg
1	60	120	./07630035538679_PIECE_01.jpg
1	60	121	./07640103625200_PIECE_01.jpg
1	61	122	./07640160162588_PIECE_01.jpg
1	61	123	./07640160162595_PIECE_01.jpg
1	62	124	./07640160162601_PIECE_01.jpg
1	62	125	./07640160163394_PIECE_01.jpg
1	63	126	./07640160163400_PIECE_01.jpg
1	63	127	./07640165160312_BOITE_01.jpg
1	64	128	./07640165160329_BOITE_01.jpg
1	64	129	./07640165160336_BOITE_01.jpg
1	65	130	./07640178430228_PIECE_01.jpg
1	65	131	./07640178431515_SET_01.jpg
1	66	132	./07640178432178_PIECE_01.jpg
1	66	133	./07640178433007_PIECE_01.jpg
1	67	134	./07640178433045_SET_01.jpg
1	67	135	./07640178433069_PIECE_01.jpg
1	68	136	./07640178433731_SET_01.jpg
1	68	137	./07640178434295_SET_01.jpg
1	69	138	./07640178436008_PIECE_01.jpg
1	69	139	./07640178436077_PIECE_01.jpg
1	70	140	./08034139290140_PIECE_01.jpg
1	70	141	./08714729755241_PIECE_01.jpg
1	71	142	./10076490462618_BOITE_01.jpg
1	71	143	./10076490462625_BOITE_01.jpg
1	72	144	./10680651901122_PIECE_01.jpg
1	72	145	./10680651901139_PIECE_01.jpg
1	73	146	./10680651901436_PIECE_01.jpg
1	73	147	./10705031003552_PIECE_01.jpg
1	74	148	./10705036013136_PIECE_01.jpg
1	74	149	./10705036013211_PIECE_01.jpg
1	75	150	./10884521104372_PIECE_01.jpg
1	75	151	./10884521196681_PIECE_01.jpg
1	76	152	./10884521214484_PIECE_01.jpg
1	76	153	./10884521214491_PIECE_01.jpg
1	77	154	./10884521214507_PIECE_01.jpg
1	77	155	./10884521517615_PIECE_01.jpg
1	78	156	./10884521517677_PIECE_01.jpg
1	78	157	./10884521521742_PIECE_01.jpg
1	79	158	./10884521713178_PIECE_01.jpg
1	79	159	./10884521713291_PIECE_01.jpg
1	80	160	./10884522006675_PIECE_01.jpg
1	80	161	./10884523000955_PIECE_01.jpg
1	81	162	./10884523003154_PIECE_01.jpg
1	81	163	./10884523003536_PIECE_01.jpg
1	82	164	./10884523003543_PIECE_01.jpg
1	82	165	./10884524000602_PIECE_01.jpg
1	83	166	./10884524000961_PIECE_01.jpg
1	83	167	./10884524001050_PIECE_01.jpg
1	84	168	./10884524001425_PIECE_01.jpg
1	84	169	./10885380062797_PIECE_01.jpg
1	85	170	./14026704198143_PIECE_01.jpg
1	85	171	./14026704198150_PIECE_01.jpg
1	86	172	./17613416035001_PAQUET_01.jpg
1	86	173	./17613416040296_PAQUET_01.jpg
1	87	174	./17613416040647_PAQUET_01.jpg
1	87	175	./17613416040913_PAQUET_01.jpg
1	88	176	./17613416041637_PAQUET_01.jpg
1	88	177	./20680651482475_BOITE_01.jpg
1	89	178	./20884389151263_PAQUET_01.jpg
1	89	179	./20884389151270_PAQUET_01.jpg
1	90	180	./20884522029022_PIECE_01.jpg
1	90	181	./20884523002413_BOITE_01.jpg
1	91	182	./20884523003564_BOITE_01.jpg
1	91	183	./30382903006008_BOITE_01.jpg
1	92	184	./30382903007005_BOITE_01.jpg
1	92	185	./30382903009009_BOITE_01.jpg
1	93	186	./30705031049554_BOITE_01.jpg
1	93	187	./30705031056989_BOITE_01.jpg
1	94	188	./30705031074679_BOITE_01.jpg
1	94	189	./30705031085774_BOITE_01.jpg
1	95	190	./30705031089796_BOITE_01.jpg
1	95	191	./30705031090006_BOITE_01.jpg
1	96	192	./30705031090013_BOITE_01.jpg
1	96	193	./30705031090358_BOITE_01.jpg
1	97	194	./30705031091232_BOITE_01.jpg
1	97	195	./30705031091300_BOITE_01.jpg
1	98	196	./30705031091386_BOITE_01.jpg
1	98	197	./30705031091461_BOITE_01.jpg
1	99	198	./30705031091690_BOITE_01.jpg
1	99	199	./30705031095186_BOITE_01.jpg
1	100	200	./30705031095629_BOITE_01.jpg
1	100	201	./30705031097616_BOITE_01.jpg
1	101	202	./30705031105748_BOITE_01.jpg
1	101	203	./30705031105762_BOITE_01.jpg
1	102	204	./30705031106707_BOITE_01.jpg
1	102	205	./30705031106851_BOITE_01.jpg
1	103	206	./30705031106875_BOITE_01.jpg
1	103	207	./30705031106882_BOITE_01.jpg
1	104	208	./30705031107155_BOITE_01.jpg
1	104	209	./30705031107261_BOITE_01.jpg
1	105	210	./30705031107896_BOITE_01.jpg
1	105	211	./30705031109357_BOITE_01.jpg
1	106	212	./30705031109722_BOITE_01.jpg
1	106	213	./30705031119974_BOITE_01.jpg
1	107	214	./30705031120710_BOITE_01.jpg
1	107	215	./30705031149025_BOITE_01.jpg
1	108	216	./30705031149353_BOITE_01.jpg
1	108	217	./30705031149360_BOITE_01.jpg
1	109	218	./30707387007356_BOITE_01.jpg
1	109	219	./30707387019854_BOITE_01.jpg
1	110	220	./30707387023646_BOITE_01.jpg
1	110	221	./30707387023677_BOITE_01.jpg
1	111	222	./30707387030477_BOITE_01.jpg
1	111	223	./30707387065950_BOITE_01.jpg
1	112	224	./30707387065967_BOITE_01.jpg
1	112	225	./30707387065974_BOITE_01.jpg
1	113	226	./30707387065981_BOITE_01.jpg
1	113	227	./30707387435845_BOITE_01.jpg
1	114	228	./30707387435890_BOITE_01.jpg
1	114	229	./30707837435869_BOITE_01.jpg
1	115	230	./30749756336162_PAQUET_01.jpg
1	115	231	./3700458753004_PIECE_01.jpg
1	116	232	./4250273715606_PIECE_01.jpg
1	116	233	./50707387765854_CARTON_01.jpg
1	117	234	./8429659036079_SET_01.jpg
1	117	235	./974983.jpg
1	118	236	./AMG125.JPG
1	118	237	./CHUV_124072_01.jpg
1	119	238	./CHUV_124540_01.jpg
1	119	239	./CHUV_125600_01.jpg
1	120	240	./CHUV_125611_01.jpg
1	120	241	./CHUV_125623_01.jpg
1	121	242	./CHUV_125635_01.jpg
1	121	243	./CHUV_126585_01.jpg
1	122	244	./CHUV_133619_01.jpg
1	122	245	./CHUV_134004_01.jpg
1	123	246	./CHUV_135320_01.jpg
1	123	247	./CHUV_135732_01.jpg
1	124	248	./CHUV_136293_01.jpg
1	124	249	./CHUV_136347_01.jpg
1	125	250	./CHUV_136359_01.jpg
1	125	251	./CHUV_136384_01.jpg
1	126	252	./CHUV_136669_01.jpg
1	126	253	./CHUV_138009_01.jpg
1	127	254	./CHUV_138010_01.jpg
1	127	255	./CHUV_138502_01.jpg
1	128	256	./CHUV_147023_01.jpg
1	128	257	./CHUV_239093_01.jpg
1	129	258	./CHUV_239094_01.jpg
1	129	259	./CHUV_700125_01.jpg
1	130	260	./CHUV_700198_01.jpg
1	130	261	./CHUV_725458_01.jpg
1	131	262	./CHUV_725913_01.jpg
1	131	263	./CHUV_734013_01.jpg
1	132	264	./CHUV_739708_01.jpg
1	132	265	./CHUV_890653_01.jpg
1	133	266	./CHUV_892494_01.jpg
1	133	267	./CHUV_893094_01.jpg
1	134	268	./CHUV_895579_01.jpg
1	134	269	./CHUV_895583_01.jpg
1	135	270	./CHUV_895584_01.jpg
1	135	271	./CHUV_908583_01.jpg
1	136	272	./CHUV_908586_01.jpg
1	136	273	./CHUV_920607_01.jpg
1	137	274	./CHUV_922656_01.jpg
1	137	275	./CHUV_923969_01.jpg
1	138	276	./CHUV_923970_01.jpg
1	138	277	./CHUV_933464_01.jpg
1	139	278	./CHUV_935562_01.jpg
1	139	279	./CHUV_936491_01.jpg
1	140	280	./CHUV_936499_01.jpg
1	140	281	./CHUV_936504_01.jpg
1	141	282	./CHUV_936527_01.jpg
1	141	283	./CHUV_936528_01.jpg
1	142	284	./CHUV_936534_01.jpg
1	142	285	./CHUV_936537_01.jpg
1	143	286	./CHUV_936539_01.jpg
1	143	287	./CHUV_936542_01.jpg
1	144	288	./CHUV_936576_01.jpg
1	144	289	./CHUV_936931_01.jpg
1	145	290	./CHUV_939060_01.jpg
1	145	291	./CHUV_939062_01.jpg
1	146	292	./CHUV_939313_01.jpg
1	146	293	./CHUV_941211_01.jpg
1	147	294	./CHUV_942955_01.jpg
1	147	295	./CHUV_944162_01.jpg
1	148	296	./CHUV_945819_01.jpg
1	148	297	./CHUV_946643_01.jpg
1	149	298	./CHUV_952100_01.jpg
1	149	299	./CHUV_952868_01.jpg
1	150	300	./CHUV_953482_01.jpg
1	150	301	./CHUV_955695_01.jpg
1	151	302	./CHUV_958630_01.jpg
1	151	303	./CHUV_967444_01.jpg
1	152	304	./CHUV_969214_01.jpg
1	152	305	./CHUV_973076_01.jpg
1	153	306	./CHUV_974206_01.jpg
